37 0.3112980769230769 0.35216346153846156 0.042067307692307696 0.10336538461538461
1 0.5552884615384616 0.36778846153846156 0.039663461538461536 0.09615384615384616
32 0.8076923076923077 0.3713942307692308 0.03125 0.09615384615384616
17 0.6550480769230769 0.5456730769230769 0.037259615384615384 0.11177884615384616
5 0.12259615384615384 0.5456730769230769 0.042067307692307696 0.1045673076923077
21 0.3942307692307692 0.5516826923076923 0.039663461538461536 0.10216346153846154
37 0.15384615384615385 0.055288461538461536 0.040865384615384616 0.09134615384615384
1 0.390625 0.06971153846153846 0.036057692307692304 0.0889423076923077
32 0.6382211538461539 0.08653846153846154 0.036057692307692304 0.09014423076923077
17 0.8257211538461539 0.8701923076923077 0.039663461538461536 0.11057692307692307
5 0.28966346153846156 0.8762019230769231 0.039663461538461536 0.1045673076923077
21 0.5709134615384616 0.8786057692307693 0.037259615384615384 0.10697115384615384