18 0.35336538461538464 0.40384615384615385 0.028846153846153848 0.0985576923076923
16 0.6009615384615384 0.4050480769230769 0.027644230769230768 0.08533653846153846
44 0.8569711538461539 0.421875 0.026442307692307692 0.08774038461538461
6 0.19831730769230768 0.5961538461538461 0.03365384615384615 0.07932692307692307
46 0.6838942307692307 0.6045673076923077 0.03365384615384615 0.08774038461538461
32 0.4411057692307692 0.6201923076923077 0.028846153846153848 0.09254807692307693
16 0.4338942307692308 0.08413461538461539 0.02403846153846154 0.08774038461538461
18 0.1875 0.08653846153846154 0.03125 0.08413461538461539
6 0.35697115384615385 0.8942307692307693 0.028846153846153848 0.08413461538461539
46 0.8497596153846154 0.9050480769230769 0.03125 0.0889423076923077
32 0.6045673076923077 0.921875 0.027644230769230768 0.08533653846153846
44 0.6899038461538461 0.09254807692307693 0.03365384615384615 0.09254807692307693