12 0.7439903846153846 0.28966346153846156 0.025240384615384616 0.037259615384615384
20 0.9350961538461539 0.2920673076923077 0.02283653846153846 0.03125
8 0.5649038461538461 0.29927884615384615 0.027644230769230768 0.042067307692307696
4 0.390625 0.30288461538461536 0.02403846153846154 0.03485576923076923
0 0.1814903846153846 0.30649038461538464 0.020432692307692308 0.03365384615384615
44 0.8317307692307693 0.3629807692307692 0.030048076923076924 0.037259615384615384
36 0.4543269230769231 0.37259615384615385 0.026442307692307692 0.03485576923076923
40 0.6382211538461539 0.3737980769230769 0.02403846153846154 0.03245192307692308
24 0.0625 0.38100961538461536 0.027644230769230768 0.040865384615384616
28 0.2644230769230769 0.3918269230769231 0.025240384615384616 0.036057692307692304
44 0.9507211538461539 0.4795673076923077 0.03125 0.039663461538461536
36 0.5745192307692307 0.49038461538461536 0.03365384615384615 0.042067307692307696
40 0.7620192307692307 0.49278846153846156 0.028846153846153848 0.03485576923076923
24 0.19110576923076922 0.4987980769230769 0.026442307692307692 0.037259615384615384
28 0.3918269230769231 0.5096153846153846 0.028846153846153848 0.038461538461538464
6 0.4579326923076923 0.5853365384615384 0.03125 0.042067307692307696
16 0.6490384615384616 0.5889423076923077 0.02403846153846154 0.037259615384615384
32 0.25600961538461536 0.5901442307692307 0.026442307692307692 0.039663461538461536
46 0.0829326923076923 0.5913461538461539 0.028846153846153848 0.039663461538461536
6 0.5829326923076923 0.7067307692307693 0.03125 0.04447115384615385
32 0.38221153846153844 0.7091346153846154 0.030048076923076924 0.04326923076923077
46 0.21033653846153846 0.7139423076923077 0.03245192307692308 0.042067307692307696
16 0.7692307692307693 0.7151442307692307 0.026442307692307692 0.039663461538461536
12 0.6225961538461539 0.17307692307692307 0.025240384615384616 0.036057692307692304
20 0.8137019230769231 0.17668269230769232 0.021634615384615384 0.037259615384615384
4 0.2704326923076923 0.18269230769230768 0.02283653846153846 0.03365384615384615
8 0.44711538461538464 0.18389423076923078 0.027644230769230768 0.037259615384615384
0 0.0625 0.1875 0.02403846153846154 0.03365384615384615