4 0.2668269230769231 0.38822115384615385 0.037259615384615384 0.09014423076923077
0 0.5372596153846154 0.3918269230769231 0.037259615384615384 0.09495192307692307
24 0.7836538461538461 0.40384615384615385 0.03125 0.09134615384615384
36 0.3870192307692308 0.6177884615384616 0.036057692307692304 0.09735576923076923
40 0.6514423076923077 0.6213942307692307 0.026442307692307692 0.09014423076923077
28 0.09375 0.6322115384615384 0.039663461538461536 0.10576923076923077
36 0.5564903846153846 0.9002403846153846 0.038461538461538464 0.0889423076923077
40 0.8076923076923077 0.9134615384615384 0.026442307692307692 0.09615384615384616
28 0.2620192307692308 0.9230769230769231 0.036057692307692304 0.10336538461538461
4 0.11177884615384616 0.10817307692307693 0.03485576923076923 0.09014423076923077
0 0.38461538461538464 0.1201923076923077 0.03485576923076923 0.08653846153846154
24 0.640625 0.12379807692307693 0.030048076923076924 0.07692307692307693