9 0.8401442307692307 0.359375 0.052884615384615384 0.10096153846153846
27 0.59375 0.3641826923076923 0.042067307692307696 0.10336538461538461
45 0.3389423076923077 0.3858173076923077 0.039663461538461536 0.09975961538461539
41 0.43149038461538464 0.5528846153846154 0.04326923076923077 0.109375
29 0.15504807692307693 0.5540865384615384 0.039663461538461536 0.10697115384615384
47 0.6899038461538461 0.5588942307692307 0.04567307692307692 0.0985576923076923
9 0.6658653846153846 0.0829326923076923 0.037259615384615384 0.10576923076923077
27 0.42788461538461536 0.08413461538461539 0.039663461538461536 0.11057692307692307
41 0.6057692307692307 0.8834134615384616 0.039663461538461536 0.11177884615384616
29 0.328125 0.8846153846153846 0.042067307692307696 0.11658653846153846
47 0.8713942307692307 0.8966346153846154 0.042067307692307696 0.10336538461538461
45 0.18389423076923078 0.09134615384615384 0.036057692307692304 0.0985576923076923