2 0.5504807692307693 0.359375 0.037259615384615384 0.09615384615384616
10 0.2776442307692308 0.3737980769230769 0.04326923076923077 0.09254807692307693
34 0.8233173076923077 0.3786057692307692 0.036057692307692304 0.09615384615384616
49 0.39783653846153844 0.5528846153846154 0.036057692307692304 0.1045673076923077
25 0.6742788461538461 0.5600961538461539 0.042067307692307696 0.10096153846153846
26 0.10576923076923077 0.5829326923076923 0.042067307692307696 0.10697115384615384
2 0.3798076923076923 0.0673076923076923 0.03365384615384615 0.09375
34 0.6454326923076923 0.07692307692307693 0.04326923076923077 0.08413461538461539
10 0.11899038461538461 0.08774038461538461 0.037259615384615384 0.07932692307692307
49 0.5769230769230769 0.8774038461538461 0.038461538461538464 0.09735576923076923
25 0.8617788461538461 0.8918269230769231 0.04927884615384615 0.1045673076923077
26 0.2860576923076923 0.8978365384615384 0.04567307692307692 0.10576923076923077