11 0.5444711538461539 0.3737980769230769 0.05048076923076923 0.11298076923076923
51 0.7884615384615384 0.3737980769230769 0.042067307692307696 0.09014423076923077
13 0.2956730769230769 0.3798076923076923 0.036057692307692304 0.10576923076923077
23 0.6442307692307693 0.5853365384615384 0.046875 0.10697115384615384
31 0.13341346153846154 0.5949519230769231 0.040865384615384616 0.1045673076923077
15 0.39302884615384615 0.5961538461538461 0.04567307692307692 0.125
11 0.38221153846153844 0.08653846153846154 0.03365384615384615 0.09735576923076923
23 0.8341346153846154 0.8990384615384616 0.04447115384615385 0.0985576923076923
15 0.5637019230769231 0.9146634615384616 0.042067307692307696 0.12259615384615384
31 0.2980769230769231 0.9314903846153846 0.040865384615384616 0.1141826923076923
51 0.6153846153846154 0.09615384615384616 0.039663461538461536 0.09014423076923077
13 0.13701923076923078 0.10096153846153846 0.037259615384615384 0.09615384615384616