0 0.7451923076923077 0.25240384615384615 0.054086538461538464 0.018028846153846152
24 0.4266826923076923 0.25600961538461536 0.05889423076923077 0.020432692307692308
46 0.07692307692307693 0.27163461538461536 0.054086538461538464 0.015625
32 0.2800480769230769 0.3125 0.052884615384615384 0.016826923076923076
28 0.6033653846153846 0.32572115384615385 0.054086538461538464 0.019230769230769232
4 0.9507211538461539 0.33413461538461536 0.051682692307692304 0.018028846153846152
32 0.08173076923076923 0.42788461538461536 0.055288461538461536 0.016826923076923076
28 0.4050480769230769 0.4387019230769231 0.055288461538461536 0.020432692307692308
4 0.7451923076923077 0.44471153846153844 0.054086538461538464 0.019230769230769232
6 0.2848557692307692 0.4963942307692308 0.054086538461538464 0.019230769230769232
8 0.9459134615384616 0.4963942307692308 0.056490384615384616 0.018028846153846152
36 0.6310096153846154 0.4987980769230769 0.052884615384615384 0.021634615384615384
8 0.7415865384615384 0.6045673076923077 0.055288461538461536 0.016826923076923076
36 0.43509615384615385 0.6069711538461539 0.055288461538461536 0.019230769230769232
6 0.0829326923076923 0.6069711538461539 0.057692307692307696 0.018028846153846152
12 0.9543269230769231 0.6598557692307693 0.052884615384615384 0.016826923076923076
6 0.6237980769230769 0.6658653846153846 0.052884615384615384 0.016826923076923076
16 0.27163461538461536 0.671875 0.055288461538461536 0.018028846153846152
12 0.7560096153846154 0.7680288461538461 0.054086538461538464 0.016826923076923076
16 0.07091346153846154 0.7752403846153846 0.051682692307692304 0.018028846153846152
40 0.4254807692307692 0.7752403846153846 0.051682692307692304 0.015625
20 0.9423076923076923 0.8329326923076923 0.055288461538461536 0.019230769230769232
44 0.6382211538461539 0.8425480769230769 0.051682692307692304 0.016826923076923076
20 0.7451923076923077 0.9387019230769231 0.056490384615384616 0.015625
44 0.43990384615384615 0.9447115384615384 0.04807692307692308 0.016826923076923076
24 0.625 0.13822115384615385 0.057692307692307696 0.020432692307692308
0 0.9483173076923077 0.13822115384615385 0.06009615384615385 0.020432692307692308
46 0.28125 0.15625 0.054086538461538464 0.018028846153846152