17 0.3112980769230769 0.33533653846153844 0.04447115384615385 0.038461538461538464
35 0.8810096153846154 0.36538461538461536 0.036057692307692304 0.046875
1 0.5216346153846154 0.38221153846153844 0.046875 0.046875
1 0.6947115384615384 0.3918269230769231 0.037259615384615384 0.039663461538461536
13 0.37259615384615385 0.44591346153846156 0.039663461538461536 0.028846153846153848
37 0.16466346153846154 0.5 0.030048076923076924 0.042067307692307696
27 0.8377403846153846 0.5625 0.042067307692307696 0.037259615384615384
5 0.11298076923076923 0.6081730769230769 0.02283653846153846 0.05048076923076923
27 0.6646634615384616 0.609375 0.038461538461538464 0.03245192307692308
13 0.25721153846153844 0.6141826923076923 0.046875 0.03245192307692308
27 0.4026442307692308 0.6298076923076923 0.028846153846153848 0.042067307692307696
31 0.6670673076923077 0.6586538461538461 0.03365384615384615 0.039663461538461536
33 0.5685096153846154 0.6850961538461539 0.028846153846153848 0.04447115384615385
5 0.24278846153846154 0.7560096153846154 0.021634615384615384 0.054086538461538464
51 0.45913461538461536 0.8221153846153846 0.037259615384615384 0.027644230769230768
31 0.609375 0.8713942307692307 0.036057692307692304 0.03485576923076923
51 0.34375 0.9807692307692307 0.040865384615384616 0.03125
21 0.59375 0.10096153846153846 0.03485576923076923 0.037259615384615384
21 0.41947115384615385 0.12379807692307693 0.037259615384615384 0.036057692307692304
37 0.17908653846153846 0.27163461538461536 0.028846153846153848 0.04447115384615385
17 0.4807692307692308 0.296875 0.04447115384615385 0.036057692307692304
35 0.7127403846153846 0.30649038461538464 0.03365384615384615 0.05048076923076923