13 0.6526442307692307 0.36658653846153844 0.015625 0.04447115384615385
17 0.8016826923076923 0.36778846153846156 0.015625 0.04326923076923077
21 0.9423076923076923 0.36778846153846156 0.015625 0.04447115384615385
9 0.5048076923076923 0.36899038461538464 0.015625 0.046875
5 0.35336538461538464 0.3786057692307692 0.014423076923076924 0.04447115384615385
37 0.19471153846153846 0.38822115384615385 0.019230769230769232 0.052884615384615384
33 0.4182692307692308 0.4963942307692308 0.015625 0.04447115384615385
1 0.5625 0.4987980769230769 0.014423076923076924 0.042067307692307696
49 0.8569711538461539 0.4987980769230769 0.015625 0.04807692307692308
29 0.2644230769230769 0.5012019230769231 0.018028846153846152 0.05048076923076923
41 0.7199519230769231 0.5024038461538461 0.014423076923076924 0.04447115384615385
25 0.09375 0.5108173076923077 0.014423076923076924 0.04567307692307692
1 0.6622596153846154 0.6646634615384616 0.015625 0.04567307692307692
33 0.5108173076923077 0.6658653846153846 0.014423076923076924 0.04567307692307692
29 0.3629807692307692 0.671875 0.015625 0.04807692307692308
49 0.9435096153846154 0.6730769230769231 0.014423076923076924 0.04567307692307692
41 0.8112980769230769 0.6778846153846154 0.014423076923076924 0.04567307692307692
25 0.1935096153846154 0.6802884615384616 0.016826923076923076 0.04927884615384615
13 0.5600961538461539 0.19831730769230768 0.014423076923076924 0.04326923076923077
9 0.4098557692307692 0.20072115384615385 0.015625 0.04447115384615385
17 0.7079326923076923 0.20072115384615385 0.016826923076923076 0.046875
21 0.8497596153846154 0.203125 0.014423076923076924 0.04447115384615385
5 0.2548076923076923 0.21033653846153846 0.018028846153846152 0.04567307692307692
37 0.0985576923076923 0.21754807692307693 0.018028846153846152 0.04807692307692308