48 0.8834134615384616 0.4050480769230769 0.026442307692307692 0.09495192307692307
50 0.6382211538461539 0.43028846153846156 0.03125 0.08774038461538461
30 0.38221153846153844 0.4326923076923077 0.03125 0.0889423076923077
14 0.7295673076923077 0.6177884615384616 0.03125 0.09134615384615384
22 0.20432692307692307 0.6225961538461539 0.03245192307692308 0.09254807692307693
42 0.48197115384615385 0.6310096153846154 0.03125 0.08533653846153846
48 0.7403846153846154 0.08052884615384616 0.03125 0.09134615384615384
22 0.3798076923076923 0.8894230769230769 0.03365384615384615 0.08052884615384616
14 0.8810096153846154 0.890625 0.03125 0.08533653846153846
42 0.640625 0.9110576923076923 0.027644230769230768 0.078125
30 0.21754807692307693 0.11538461538461539 0.03485576923076923 0.09975961538461539
50 0.47596153846153844 0.11778846153846154 0.038461538461538464 0.09134615384615384