7 0.7752403846153846 0.3713942307692308 0.028846153846153848 0.07692307692307693
39 0.3016826923076923 0.3737980769230769 0.036057692307692304 0.09014423076923077
19 0.5396634615384616 0.38100961538461536 0.028846153846153848 0.08413461538461539
12 0.3954326923076923 0.5769230769230769 0.026442307692307692 0.0829326923076923
8 0.6346153846153846 0.59375 0.028846153846153848 0.08173076923076923
20 0.14543269230769232 0.6021634615384616 0.030048076923076924 0.08653846153846154
12 0.5552884615384616 0.8665865384615384 0.026442307692307692 0.08413461538461539
8 0.7872596153846154 0.8858173076923077 0.027644230769230768 0.07692307692307693
20 0.31850961538461536 0.8954326923076923 0.028846153846153848 0.08173076923076923
39 0.140625 0.09134615384615384 0.03125 0.08052884615384616
7 0.6213942307692307 0.09495192307692307 0.03125 0.06971153846153846
19 0.38341346153846156 0.10216346153846154 0.03125 0.0889423076923077